	real	pred
0	114.38999938964844	117.10083
1	102.61000061035156	106.38887
2	127.4000015258789	131.2534
3	133.94000244140625	134.2109
4	108.69999694824219	107.10916
5	146.5399932861328	148.23183
6	128.17999267578125	130.3611
7	156.02000427246094	159.92427
8	159.3000030517578	156.68193
9	109.13999938964844	114.24839
10	129.8699951171875	142.5537
11	153.66000366210938	160.0155
12	98.9000015258789	108.48566
13	106.26000213623047	112.146255
14	92.2699966430664	93.09012
15	171.32000732421875	174.6272
16	112.58999633789062	114.98585
17	127.8499984741211	127.50304
18	116.43000030517578	119.10719
19	110.98999786376953	112.444016
20	104.80000305175781	109.47895
21	124.4000015258789	124.18685
22	135.0399932861328	158.10754
23	167.3800048828125	160.43117
24	106.30000305175781	109.113266
25	129.0	132.73363
26	159.88999938964844	161.62816
27	127.55000305175781	130.48288
28	162.38999938964844	161.55794
29	87.5	90.1145
30	114.44000244140625	114.369026
31	79.75	79.598915
32	155.97000122070312	157.79675
33	133.69000244140625	138.63998
34	86.88999938964844	87.24133
35	115.26000213623047	117.23422
36	177.0800018310547	178.75862
37	167.63999938964844	168.11227
38	86.44999694824219	83.7363
39	90.80999755859375	92.762436
40	108.38999938964844	108.110664
41	115.5999984741211	117.79655
42	156.25	161.49594
43	116.08000183105469	119.61485
44	112.69000244140625	117.25898
45	108.22000122070312	109.27693
46	114.7699966430664	117.84834
47	160.2899932861328	159.77599
48	167.50999450683594	166.37514
49	90.25	90.920074
50	115.87999725341797	118.683685
51	131.6999969482422	136.31696
52	119.47000122070312	123.72313
53	86.08999633789062	91.769455
54	76.79000091552734	78.34865
55	95.91000366210938	98.16361
56	126.61000061035156	124.8931
57	159.8699951171875	155.51172
58	99.66999816894531	108.79501
59	137.77000427246094	151.78342
60	120.38999938964844	119.3636
61	119.37999725341797	125.20502
62	125.41000366210938	126.75542
63	107.4800033569336	110.43482
64	117.9800033569336	121.32951
65	128.1199951171875	125.15355
66	83.87000274658203	86.04774
67	86.77999877929688	86.861664
68	154.33999633789062	157.12773
69	93.83000183105469	102.20155
70	93.8499984741211	99.182396
71	72.51000213623047	76.30629
72	168.7899932861328	170.03738
73	107.33999633789062	109.542465
74	136.5	148.53334
75	80.37999725341797	79.41197
76	107.9800033569336	107.70016
77	160.99000549316406	161.6434
78	104.0199966430664	108.56412
79	138.6699981689453	150.86963
80	116.86000061035156	117.50252
81	156.99000549316406	158.3442
82	114.0199966430664	117.26755
83	166.02000427246094	169.22119
84	144.74000549316406	146.23418
85	162.3000030517578	164.03749
86	92.08000183105469	95.54841
87	118.98999786376953	118.14012
88	157.32000732421875	159.10233
89	121.4000015258789	124.122955
90	134.7899932861328	147.37672
91	118.12000274658203	123.92331
92	98.8499984741211	106.97638
93	161.5399932861328	161.6186
94	93.16999816894531	93.99545
95	157.25999450683594	160.48451
96	122.87999725341797	125.47145
97	118.48999786376953	115.355255
98	134.75	133.39146
99	111.83999633789062	116.76109
100	116.01000213623047	118.114105
101	113.77999877929688	115.98233
102	102.94000244140625	105.39942
103	99.81999969482422	106.38058
104	135.8699951171875	138.3331
105	161.69000244140625	163.08441
106	163.24000549316406	159.51003
107	92.79000091552734	95.69298
108	121.0199966430664	126.91325
109	109.79000091552734	112.69502
110	86.3499984741211	86.514824
111	85.45999908447266	83.314575
112	167.38999938964844	174.41295
113	110.52999877929688	110.39287
114	167.17999267578125	176.23886
115	173.61000061035156	178.6038
116	124.97000122070312	129.29744
117	92.05999755859375	95.53322
118	110.83000183105469	112.06142
119	93.72000122070312	99.40427
120	149.8800048828125	143.49089
121	124.31999969482422	128.44252
122	93.45999908447266	95.65169
123	131.16000366210938	140.80014
124	159.72999572753906	159.38269
125	118.58999633789062	117.969025
126	136.6999969482422	138.37624
127	159.0500030517578	159.92578
128	155.6699981689453	157.08083
129	116.51000213623047	117.42314
130	92.79000091552734	94.79593
131	158.63999938964844	156.41371
132	118.16000366210938	121.16522
133	110.33999633789062	113.12102
134	138.22000122070312	157.11601
135	115.63999938964844	114.37317
136	120.6500015258789	124.32637
137	119.5	125.93462
138	146.58999633789062	146.00461
139	101.25	105.05388
140	119.69999694824219	123.08087
141	127.4000015258789	132.527
142	117.95999908447266	122.20096
143	131.63999938964844	130.69905
144	127.06999969482422	130.46289
145	86.6500015258789	90.59162
146	132.8000030517578	141.1736
147	136.24000549316406	151.72197
148	170.85000610351562	161.22536
149	147.77000427246094	146.99136
150	108.7699966430664	113.52447
151	154.0399932861328	157.0999
152	87.01000213623047	92.063934
153	184.58999633789062	183.24265
154	156.47999572753906	157.80788
155	93.76000213623047	99.58665
156	138.07000732421875	150.8694
157	105.9000015258789	107.523735
158	109.47000122070312	107.472015
159	90.61000061035156	91.95704
160	112.04000091552734	114.70976
161	142.3000030517578	144.38069
162	142.50999450683594	148.43982
163	111.45999908447266	115.89029
164	151.02000427246094	156.24683
165	110.94999694824219	111.10271
166	101.86000061035156	107.464645
167	86.86000061035156	90.02129
168	119.80000305175781	118.80475
169	126.80999755859375	131.78886
170	90.70999908447266	93.3905
171	154.47000122070312	154.61623
172	121.05000305175781	120.935585
173	148.58999633789062	154.06244
174	118.47000122070312	119.435585
175	112.0199966430664	115.08156
176	127.79000091552734	131.03392
177	123.98999786376953	126.95256
178	83.45999908447266	84.718506
179	160.3300018310547	159.05693
180	127.91000366210938	127.8161
181	115.05000305175781	117.00779
182	88.94999694824219	87.96142
183	148.6699981689453	146.20685
184	109.25	106.3611
185	162.02000427246094	159.6992
186	124.38999938964844	125.60075
187	118.5199966430664	118.56534
188	151.91000366210938	158.4116
189	119.18000030517578	116.82573
190	108.81999969482422	108.667786
191	149.1199951171875	154.38881
192	125.69999694824219	125.007675
193	113.75	117.02141
194	88.83999633789062	88.54558
195	103.63999938964844	112.45559
196	171.64999389648438	169.98473
197	115.43000030517578	117.67168
198	155.22999572753906	155.48447
199	103.1500015258789	106.034454
200	107.37000274658203	111.77736
201	136.47999572753906	151.37822
202	127.1500015258789	130.64662
203	110.16000366210938	110.68235
204	120.94999694824219	124.34578
205	132.1999969482422	137.70883
206	103.55999755859375	111.62558
207	139.83999633789062	148.64204
208	133.10000610351562	131.06247
209	93.87000274658203	94.37601
210	104.18000030517578	107.216934
211	85.55000305175781	90.215034
212	118.63999938964844	123.3755
213	135.41000366210938	160.05331
214	115.02999877929688	114.85184
215	89.2699966430664	93.181984
216	149.80999755859375	145.62737
217	121.81999969482422	127.57065
218	87.41999816894531	93.42793
219	95.7699966430664	97.51859
220	71.33999633789062	74.798294
221	127.58000183105469	132.07335
222	160.58999633789062	165.4611
223	76.94999694824219	76.966545
224	148.91000366210938	149.60591
225	91.08999633789062	96.13481
226	97.72000122070312	99.5121
227	173.49000549316406	167.36876
228	120.26000213623047	124.99213
229	123.94000244140625	125.67973
230	94.77999877929688	97.27147
231	88.16999816894531	93.214096
232	104.86000061035156	108.96199
233	145.92999267578125	161.54198
234	166.39999389648438	159.9068
235	125.80999755859375	126.58205
236	119.33999633789062	118.037384
237	109.43000030517578	108.03146
238	92.33999633789062	93.95966
239	126.94999694824219	132.40125
240	127.86000061035156	128.11127
241	142.4600067138672	142.56247
242	157.16000366210938	152.38356
243	115.94000244140625	118.645935
244	89.56999969482422	89.364586
245	87.98999786376953	90.9839
246	115.69000244140625	119.834694
247	179.10000610351562	169.93697
248	161.83999633789062	161.68106
249	99.16999816894531	98.32144
250	115.7300033569336	115.17028
251	89.01000213623047	90.27255
252	72.5	76.93385
253	114.5	117.460434
254	93.70999908447266	98.4199
255	106.16999816894531	108.83081
256	171.74000549316406	176.82436
257	115.13999938964844	118.713524
258	161.36000061035156	165.539
259	134.66000366210938	151.41597
260	93.52999877929688	95.03112
261	170.1300048828125	162.49014
262	108.19000244140625	109.49686
263	86.44999694824219	90.676926
264	97.05000305175781	104.239365
265	148.5800018310547	156.0152
266	113.11000061035156	113.33793
267	87.0199966430664	91.66699
268	119.69999694824219	125.15117
269	163.22999572753906	166.99397
270	162.0	160.1676
271	169.39999389648438	160.03226
272	127.69999694824219	129.4363
273	154.57000732421875	158.72208
274	91.02999877929688	92.97789
275	112.25	114.84531
276	96.16999816894531	97.80742
277	107.7300033569336	107.87631
278	97.43000030517578	105.73088
279	116.20999908447266	117.59111
280	123.97000122070312	124.37086
281	116.0999984741211	124.760086
282	134.0500030517578	149.19612
283	90.86000061035156	94.237686
284	91.16999816894531	95.04159
285	87.2699966430664	88.86274
286	167.32000732421875	157.6274
287	80.30999755859375	78.72608
288	116.33999633789062	118.120346
289	106.93000030517578	107.50158
290	88.33000183105469	89.97577
291	124.62999725341797	126.02713
292	173.02000427246094	166.23366
293	81.36000061035156	83.836494
294	133.11000061035156	141.94931
295	76.18000030517578	76.66089
296	91.33000183105469	98.414474
297	105.97000122070312	110.739365
298	102.69000244140625	105.31289
299	155.75999450683594	158.14766
300	132.1300048828125	131.63815
301	164.3699951171875	169.8932
302	105.95999908447266	106.685425
303	111.41999816894531	112.64784
304	134.1199951171875	153.17311
305	120.69999694824219	125.113556
306	151.99000549316406	147.36629
307	174.5800018310547	180.14262
308	122.41999816894531	120.51446
309	113.75	115.005135
310	94.68000030517578	96.16724
311	156.4600067138672	162.20673
312	130.55999755859375	132.31525
313	112.75	117.776794
314	106.22000122070312	107.496185
315	163.25999450683594	161.53656
316	91.75	93.67642
317	165.8800048828125	170.78783
318	116.11000061035156	117.52208
319	119.29000091552734	126.047806
320	112.81999969482422	115.3927
321	106.12999725341797	108.04721
322	166.1300048828125	173.13324
323	94.44000244140625	96.91497
324	89.91000366210938	91.67078
325	124.88999938964844	126.36966
326	117.41000366210938	120.348114
327	72.26000213623047	75.3495
328	90.04000091552734	91.00856
329	124.19999694824219	124.7407
330	121.41000366210938	124.36095
331	84.4800033569336	85.08655
332	127.73999786376953	131.04147
333	106.77999877929688	109.27478
334	161.10000610351562	160.9384
335	87.68000030517578	93.703285
336	147.3800048828125	148.22057
337	134.6999969482422	147.59727
338	167.27000427246094	166.78197
339	169.5500030517578	154.67763
340	159.30999755859375	160.38481
341	163.6300048828125	164.80354
342	135.0500030517578	151.80998
343	113.41999816894531	116.541016
344	156.22000122070312	159.68176
345	82.80000305175781	81.4043
346	91.30999755859375	89.62666
347	111.43000030517578	114.124985
348	126.22000122070312	126.78151
349	158.97000122070312	155.50966
350	152.02000427246094	155.5964
351	132.9499969482422	155.00114
352	90.08000183105469	93.01373
